-4.138592720031738281e+00 3.284203290939331055e+00
1.430218696594238281e+00 7.174456596374511719e+00
-2.030796051025390625e+00 2.383859872817993164e+00
-4.517630577087402344e+00 5.329507350921630859e+00
-9.831445217132568359e-01 -3.073290288448333740e-01
3.227886915206909180e+00 -1.436398506164550781e+00
2.091896295547485352e+00 -2.401514530181884766e+00
4.045723438262939453e+00 -4.304121494293212891e+00
5.312004089355468750e+00 -1.690378546714782715e+00
3.099835395812988281e+00 -3.109935998916625977e+00
